                              
                              
                              
           01                 
           32                 
                              
                              
                              
                              
                              
                  2           
                 2            
                2             
               2              
              2               
             2                
            2           0     
           21    E     0      
          2  1        0       
         2    1      0        
        2      1    0         
       2        1  0          
      2          10           
     2                        
    2       R                 
   2                          
  2                           
 2                            
2                             
                              
