                         1 B 0
                         1   0
                         1   0
                         1   0
                         0  2 
          01            0  2  
          32           0  2   
                      0  2    
                     0  2     
                    0  2      
                   0  2       
                  0  2        
                 0  2         
                0  2          
   111111111              3   
           2              3   
           2              3   
            00000000000000    
                              
                              
                              
                              
                              
                              
                              
                E             
                              
                              
                              
                              
